NAME: distance_matrix
TYPE: TSP
DIMENSION: 10
EDGE_WEIGHT_TYPE: EXPLICIT
EDGE_WEIGHT_FORMAT: FULL_MATRIX 
DISPLAY_DATA_TYPE: TWOD_DISPLAY
EDGE_WEIGHT_SECTION
0 1212 2182 4136 2656 5367 669 6053 22938 7483
1204 0 3078 2730 2901 4428 535 5115 22000 6076
1925 3096 0 4326 4520 9907 2252 10560 29803 9273
4098 2736 6570 0 5276 3987 3429 4640 23883 3346
2679 3057 4518 14126 0 10870 2625 12857 28322 16834
5296 4439 9887 3939 11433 0 5133 1826 20417 6648
669 736 2189 3393 2602 4890 0 5576 22462 6739
6030 5173 10591 4643 6911 2012 5867 0 17182 6155
19757 26171 23734 25663 29617 22407 19564 17916 0 13872
8383 6083 8485 3347 8623 6491 8190 7143 19996 0
