NAME: bays29
TYPE: TSP
DIMENSION: 10
EDGE_WEIGHT_TYPE: EXPLICIT
EDGE_WEIGHT_FORMAT: FULL_MATRIX 
DISPLAY_DATA_TYPE: TWOD_DISPLAY
EDGE_WEIGHT_SECTION
0 335 409 600 427 878 174 883 1739 972
333 0 545 379 495 649 172 653 1509 751
368 547 0 607 714 876 436 866 1701 933
697 395 618 0 711 366 536 357 1192 372
481 539 757 708 0 615 472 769 1407 1011
897 654 850 342 681 0 785 257 1053 645
161 207 442 486 399 751 0 756 1612 858
981 737 922 414 900 260 868 0 956 598
1773 1631 1710 1252 1522 1158 1720 1049 0 1194
933 806 919 411 1122 634 881 625 1152 0
